000000017
000000022
000000024
000000025
000000028
000000030
000000031
000000032
000000033
000000036
010001709
010002129
010005379
010005429
010007300
010780195
010780294
010780310
010780328
010780708
010780757
010780815
010789006
020000196
020000311
020000337
020000360
020000386
020001772
020001913
020004156
020004297
020006441
020010047
020011698
020012613
020012860
020014767
030780548
030781116
030785430
040003113
040780389
040780405
040780470
040780488
040780520
040784860
040785230
040787541
050000066
050000090
050000173
050000181
050000249
050000280
050000298
050000306
050000371
050000454
050000488
050000512
050000637
050003359
060005469
060006558
060010188
060010949
060015328
060019676
060019684
060021201
060021276
060021417
060780145
060780152
060780269
060780277
060780343
060780350
060780392
060780442
060780491
060780509
060780517
060780525
060780541
060780590
060780665
060780699
060780715
060780723
060780749
060780756
060781085
060781135
060781200
060781374
060781929
060785219
060785227
060785243
060790862
060791860
060792736
060792850
060792900
060792926
060798881
060800166
060800182
060800687
060801016
070780168
070780242
070780408
070780424
070786223
080000094
080000136
080000144
080005846
080006034
080008568
080009491
090000647
090002460
090002478
090002833
090780404
090784125
090784679
100000003
100000020
100000082
100000124
100000157
100002351
100005958
100006550
100007285
100008895
100008903
100009083
100009133
110000106
110003118
110004413
110004439
110005048
110780152
110780178
110780194
110780202
110780210
110780228
110780483
110788775
120001748
120004684
120005228
120780036
120780143
120780325
120780382
120783618
120787155
120787254
120787429
120788088
130006562
130006802
130008253
130017478
130021488
130021819
130022619
130024268
130024458
130032758
130034002
130034036
130034044
130034051
130034077
130034093
130034531
130034556
130035215
130035223
130035793
130036650
130037922
130038003
130038045
130041767
130780075
130780083
130780273
130781065
130781289
130781370
130781438
130781479
130781529
130781594
130781768
130781834
130781867
130781917
130781925
130782071
130782097
130782147
130782162
130782303
130782444
130782451
130782493
130782675
130783327
130783723
130783764
130783772
130783830
130783871
130783962
130784051
130784085
130784291
130784481
130784549
130784580
130784598
130784606
130784697
130784713
130784812
130784903
130784911
130785389
130785462
130785678
130785975
130785983
130786015
130786023
130786247
130786296
130786361
130786379
130786932
130786973
130787369
130789159
130789357
130798002
130802143
130802549
130806011
130806029
130806078
130806367
130806417
130809809
130809981
130810104
130810740
130811052
130811680
130811797
140000258
140000290
140000365
140000399
140002254
140002619
140015975
140016155
140016759
140017237
140018730
140025123
140025255
140026709
150002608
150780120
150780732
160000170
160000279
160006110
160008231
160009544
160011615
160012159
160012209
160013207
170000988
170009419
170021661
170021711
170023030
170780068
170780100
170780282
170780290
170780555
170780563
170780613
170780621
170780647
170780662
170780993
170781199
170785059
170792212
170794929
170795165
170802649
170802656
170802664
170803431
170804090
180000325
180000358
180000382
180000408
180000598
180004145
180008278
180008476
190000224
190000257
190005694
190010504
190010520
190010629
200000145
200100030
200100097
200100139
200100154
200100261
200101988
200102051
200122554
200200079
200200160
200200392
200201739
200203917
200204071
200204212
210001483
210001889
210001939
210003059
210006318
210007399
210007555
210010484
210780110
210780136
210780169
210780276
210780292
210780789
210780979
210986360
210986378
210986725
210986741
210987046
220000087
220000111
220000244
220000269
220000277
220000285
220000301
220000319
220000327
220000467
220005599
230780157
230780181
240000190
240000208
240000216
240000273
240002402
240002691
240002725
240003285
240003293
240003301
240006734
240008318
240011668
240013219
240013466
250000064
250000270
250000288
250000353
250002631
250009370
250011723
250011848
250012069
250012119
250016037
250016045
260000211
260000260
260003017
260006267
270000326
270000342
270000375
270000433
270000862
270000870
270016058
270019649
280000035
280000159
280000282
280000431
280000449
280001678
280003898
280003948
280504689
280505223
280505264
280505777
280506015
290000140
290000165
290000207
290000215
290000249
290000363
290000371
290000678
290000736
290000744
290000819
290000850
290003953
290004142
290019777
290023431
2A0000030
2A0000154
2A0003174
2B0000400
2B0003016
2B0003289
2B0004113
2B0004121
2B0004584
300002508
300007119
300007168
300008588
300008638
300780152
300780210
300780228
300780236
300780244
300780251
300780269
300780285
300780442
300780491
300781424
300781440
300781465
300788502
310000617
310000633
310002712
310006473
310006481
310011838
310018684
310019880
310020938
310780085
310780101
310780119
310780135
310780143
310780150
310780192
310780234
310780259
310780283
310780309
310780358
310780366
310780374
310780382
310780390
310780408
310780457
310780531
310781000
310781125
310781133
310781141
310781158
310781174
310781182
310781505
310781521
310781695
310781950
310781984
310782016
310782065
310782081
310782396
310784830
310786389
310790472
310792635
310793401
310793419
310793435
310793542
310793559
310793567
310793575
310793617
310793807
310793849
310794417
310794524
310794532
310794896
310796768
310796776
310797527
310797535
310980255
320000680
320001050
320001076
320001688
320780067
320780109
320784333
320784515
320784689
320785587
330000258
330000266
330000274
330006354
330007386
330007402
330007410
330007436
330007550
330007576
330007584
330007626
330007634
330007642
330007667
330007683
330007725
330008012
330017989
330025958
330054453
330054461
330056227
330056284
330056490
330056516
330056680
330057654
330780040
330780073
330780081
330780107
330780115
330780123
330780149
330780206
330780248
330780255
330780263
330780271
330780297
330780305
330780313
330780321
330780354
330780388
330780446
330780453
330780461
330780479
330780487
330780503
330780511
330780719
330780735
330780776
330781154
330781402
330781626
330782350
330782582
330783374
330795295
330795303
330800293
330802364
330802778
340009018
340009539
340009885
340010149
340013218
340013259
340013309
340013358
340013408
340013499
340015056
340015502
340015957
340015965
340015999
340016005
340016476
340017292
340017490
340017839
340017847
340019090
340780097
340780113
340780121
340780139
340780147
340780154
340780162
340780196
340780212
340780253
340780568
340780600
340780634
340780667
340780675
340780683
340780691
340780717
340780725
340780741
340780758
340780766
340780782
340780790
340780808
340780816
340780824
340780840
340780857
340780931
340782002
340789379
340789981
340796093
340797596
340798552
350000113
350000121
350000196
350002119
350002176
350003984
350005146
350042628
350044756
360000129
360000210
360000962
360002133
360002232
360003891
360004527
360005615
360006654
370000044
370000051
370000085
370000093
370000101
370000119
370000127
370000135
370000143
370000150
370000176
370000473
370002057
370007569
370009938
370100554
370101016
370102659
370104242
380005918
380007468
380013037
380015255
380780270
380780288
380780296
380781120
380781450
380785170
380785956
380786442
380797209
380799635
390004349
390780559
390780575
390783033
390783066
390783082
400006706
400006730
400006771
400006797
400007043
400007332
400008199
400010906
400011201
400780102
400780284
400780292
400780342
400780359
400780375
400780425
400780466
400780482
400780888
400782769
400789715
400790986
400791018
410000194
410000202
410000277
410000285
410000293
410000301
410003412
410004469
410004683
410004998
410005003
410005011
410005284
410005953
410007553
420010258
420010308
420011413
420011512
420011660
420013005
420780454
420780504
420780538
420780553
420780611
420781767
420782138
420782310
420782591
420783102
420788440
420788671
420790081
420793697
430000109
430000141
430000158
430000166
430000182
430003475
430007450
440000404
440000412
440000420
440000438
440000487
440000511
440000586
440000602
440000651
440000701
440000800
440002020
440003390
440023364
440024982
440033819
440037679
440041580
440043792
440044451
440046944
440048239
450000229
450000237
450000245
450000252
450000278
450000286
450000294
450001466
450005798
450009535
450010079
450012935
450012968
450013081
450013669
450013719
450013792
450013818
450014048
450015144
450018312
450018395
450018460
450018528
450018536
460003668
460004641
460780042
460780067
460780133
460785900
460786346
460786353
460786478
470000019
470000027
470000076
470000084
470000142
470000159
470001868
470002262
470002320
470002346
470002353
470002361
470002387
470002395
470002403
470002411
470009358
470010364
470013558
480000835
480001403
490000189
490000247
490000262
490000288
490000304
490000312
490000593
490000668
490002037
490002979
490007929
490011376
490014909
490015435
490015906
490016334
490016870
490531928
490534922
490537818
490540440
490543675
500000146
500000153
500000203
500000211
500000229
500000401
500000419
500002357
500012687
510000011
510000185
510000193
510000227
510000243
510000268
510000284
510000953
510002298
510009491
510010184
510010192
510010754
510011463
510012040
510020548
520000753
520003161
520003823
520004052
520780156
520780180
520780214
530000108
530000124
530031509
530031962
540000288
540000361
540000403
540000445
540000452
540000460
540000478
540000486
540005196
540013224
550000178
550000186
560000119
560002081
560002123
560002511
560002958
560005290
560007510
560008799
560018509
570000083
570000356
570000364
570000646
570002287
570004002
570010082
570013797
570015248
570015636
580004588
580004638
580780138
580780153
580780179
580780187
580780195
580780203
580780237
580780260
580970366
580971349
580972008
580972230
580972479
590001467
590006870
590006896
590008041
590008272
590008280
590008306
590008579
590009148
590016408
590032199
590034732
590034815
590035390
590035838
590041471
590043469
590045514
590046124
590047791
590780060
590780094
590780235
590780243
590780250
590780268
590780342
590780383
590781571
590781951
590782249
590782256
590782280
590782298
590782462
590782496
590782546
590782553
590783189
590784484
590788964
590790655
590791109
590802278
590804688
590805396
590805602
590806360
590806428
590806766
590809091
590809190
590809703
590810099
590810131
590810701
590810784
590810941
590811006
590813069
590813176
590813366
590813382
590813507
590813747
590815007
590815056
590815908
590815916
590816310
590816377
590816427
590817458
590817474
590817839
600002067
600008643
600008734
600009054
600010201
600010219
600010862
600011423
600100176
600100184
600100291
600100754
600109748
600110167
600110175
600110399
600112379
600112460
610004269
610005837
610006371
610006421
610780173
610780199
610780454
620003889
620003897
620006049
620010348
620012948
620013649
620018127
620018705
620020636
620024208
620025387
620025494
620026997
620100099
620100115
620100487
620100495
620100735
620100750
620101303
620101311
620101501
620105940
620105981
620106088
620111526
620112581
620115170
620115410
620116046
620116053
620116061
620116418
620117309
620117317
620117325
620117812
620118513
620120063
630008118
630010296
630780120
630780211
630780310
630780369
630780401
630780567
630780575
630780583
630780609
630780625
630780641
630780666
630780674
630780708
630780732
630780740
630780781
630780815
630780849
630780864
630780898
630781417
630781433
630781821
630781839
630783108
630786655
630789360
640000113
640005302
640005310
640005336
640005344
640005591
640010518
640013298
640013520
640013553
640780268
640780276
640780318
640780334
640780409
640780433
640780458
640780466
640780482
640780490
640780581
640780607
640780623
640780631
640780649
640780664
640780672
640780722
640780748
640780789
640780938
640780946
640780953
640780987
640781225
640781308
640781332
640781340
640781357
640781365
640781399
640782173
640782207
640787156
640789426
640789640
640795548
640796736
640796835
640797155
640797296
650001779
650002579
650005044
650780075
650780315
650780323
650780349
650780422
650780679
650780695
650780729
650780737
650788573
650788599
650788607
650788615
660004953
660004961
660004979
660005166
660005182
660005208
660005216
660005687
660006172
660006305
660780099
660780149
660780206
660780214
660780248
660780305
660780339
660780347
660780537
660780610
660780628
660780636
660780669
660780719
660780735
660780743
660780776
660780784
660780800
660780842
660781097
660781287
660786864
660789892
660790163
660790379
660790387
670002278
670008838
670013325
670013341
670014430
670016237
670780170
670780204
670780378
670780386
670797729
680000114
680000189
680000197
680000338
680001294
680007648
680011574
680017829
690003884
690008008
690008099
690010848
690011838
690012109
690019799
690022108
690022959
690023239
690023411
690025366
690029186
690030283
690030333
690030770
690031513
690780200
690780218
690780226
690780234
690780259
690780275
690780358
690780366
690780382
690780390
690780408
690780440
690780481
690780499
690780507
690780515
690780523
690780531
690780549
690780630
690780648
690780655
690780663
690781463
690781745
690782834
690782842
690784061
690788187
690791082
690793468
690803044
690807367
700000698
700780174
700784887
700785058
700785264
710002569
710006859
710010075
710010166
710011198
710780081
710780354
710780362
710780610
710780818
710780826
710780917
710781410
710781824
710970658
710971326
710973504
710974502
710974510
710974528
710977075
710977307
720000165
720000199
720000215
720000231
720000249
720000462
720006568
720006618
720007319
720012509
720014182
720017748
730004298
730780186
730780368
730780376
730780384
730780459
730780574
730780988
740004148
740010475
740780077
740780085
740780135
740780176
740780184
740780408
740780416
740780424
740780440
740780986
740781026
740781034
740785357
740788617
750000036
750000960
750003378
750014128
750014169
750040297
750042830
750047128
750047318
750170128
750300014
750300030
750300071
750300089
750300097
750300113
750300121
750300139
750300147
750300154
750300220
750300287
750300360
750300378
750300410
750300493
750300550
750300592
750300667
750300741
750300766
750300774
750300840
750300857
750300881
750300907
750300915
750300931
750301137
750301145
750301152
750301160
750310013
750790164
750814824
750829053
750831067
750831166
760016659
760017079
760020529
760021329
760025312
760027292
760027938
760780122
760780130
760780148
760780197
760780205
760780296
760780510
760780619
760780668
760780783
760780791
760780809
760780825
760780833
760780981
760783159
760920603
760920918
760921809
770001873
770003432
770006138
770014603
770016087
770016467
770300010
770300028
770300093
770300135
770300143
770300168
770300176
770300192
770300218
770300259
770300275
770300283
770310019
770310027
770790707
770803112
770803989
770809028
770813400
770813426
770813459
770814986
780001160
780001467
780001558
780001707
780004529
780008298
780015608
780016507
780017802
780018024
780018727
780018818
780140042
780300042
780300067
780300075
780300083
780300109
780300125
780300166
780300208
780300224
780300265
780300273
780300323
780300364
780300380
780300406
780300414
780300422
780300430
780300448
780300455
780310025
780420048
780700027
780700050
780808234
780822631
780822920
780823134
780823977
780826152
790000186
790007306
790009948
790016786
790016794
790017289
800000150
800000259
800000267
800000580
800002503
800002586
800008989
800009466
800009706
800009920
800010027
800010159
800010324
800012528
800013179
800015729
800016727
800016768
810000083
810000224
810004200
810007989
810008698
810101170
810101444
810101741
810101758
810102947
820000040
820000057
820000065
820000131
820000412
820001550
820002350
820003218
820005791
820007102
820007920
830003745
830012498
830012548
830012589
830012688
830013819
830015996
830016671
830017497
830017505
830100087
830100103
830100137
830100251
830100285
830100301
830100319
830100327
830100335
830100368
830100392
830100418
830100434
830100442
830100459
830100475
830100483
830100491
830100624
830100699
830100756
830100764
830100814
830100822
830100855
830100863
830100871
830100889
830101408
830200515
830206397
830206454
830207114
830208351
830212783
830213617
830213625
830214987
830215687
830215919
830216495
840000194
840000285
840000327
840000400
840000467
840000509
840013270
840013312
840013445
840014088
840014849
840015200
840017172
840017214
850000118
850000126
850000134
850002114
850002395
850005828
850005869
850005919
850006008
850006248
850006412
850006438
860000348
860005768
860008929
860009208
860010321
860011410
860780303
860780311
860780568
860782598
860790419
860791268
870000221
870000288
870000411
870000429
870002060
870007358
870009297
880006606
880006721
880780135
880780424
880780507
880780531
880788591
890000169
890000292
890002298
890002371
890002389
890003130
890008295
890972862
890973431
890975659
900000035
900005091
910000447
910002609
910005057
910009349
910009919
910015965
910017433
910018373
910300011
910300029
910300045
910300060
910300136
910300144
910300151
910300177
910300219
910300235
910300276
910300300
910300326
910300359
910310010
910310028
910310036
910310044
910803543
910805357
910811959
910813963
910814672
920003670
920003811
920004058
920004959
920005238
920008539
920008778
920012069
920014099
920022605
920022704
920300043
920300050
920300134
920300183
920300191
920300209
920300258
920300266
920300340
920300365
920300381
920300415
920300423
920300480
920300563
920300597
920300670
920300712
920300753
920300761
920300837
920300886
920300936
920301033
920310026
920310034
920310042
920310059
920420023
920711512
920803798
920811775
920812898
930003025
930003355
930003942
930006648
930009188
930011788
930013818
930014428
930017496
930017512
930018460
930019203
930020987
930021001
930022603
930023692
930300017
930300025
930300066
930300082
930300116
930300124
930300132
930300140
930300231
930300264
930300280
930300298
930300363
930300504
930300546
930300553
930300587
930300595
930300629
930300637
930300645
930300652
930300678
930300686
930310016
930816079
930817333
930817606
940000078
940002090
940006679
940019375
940300031
940300080
940300163
940300270
940300288
940300379
940300445
940300452
940300494
940300502
940300551
940300569
940300577
940310014
940310022
940805989
940813017
940813033
940813090
940814460
950002212
950002568
950002709
950300053
950300087
950300095
950300103
950300137
950300152
950300160
950300194
950300202
950300244
950300277
950300285
950300301
950300327
950300350
950300376
950310011
950310029
950310037
950420042
950806307
950806869
950807982
950808725
970100012
970100020
970100079
970100111
970100129
970100137
970100251
970102596
970103016
970103099
970104477
970107249
970108957
970111217
970111563
970202313
970202321
970203493
970203774
970208104
970209219
970209441
970209714
970302055
970302063
970302071
970302535
970302832
970303608
970303640
970303657
970403119
970403663
970403671
970403697
970403705
970403721
970403747
970403754
970403762
970403770
970404018
970404158
970404406
970404588
970404844
970404851
970405064
970405411
970405452
970405676
970406203
970406245
970406625
970406641
970407151
970407318
970407656
970407722
970462024
970462065
970462073
970462081
970462107
970463113
970466504
970466751
970467155
970467189
970467197
980700025
980700033
980800049
992111617
992123158
992127308
992142406
992151563
992156026
992180935
992197871
992201236
992224642
992229328
992243840
992244749
992253526
992268045
992273433
992276162
992280149
992294660
992311605
992332759
992354985
992359786
992362418
992394296
992405977
992420497
992432328
992432591
992444695
992447094
992454371
992480996
992531806
992543900
992556001
992562256
992576553
992589887
992604405
992643114
992667311
992694018
992698779
992702373
992763060
992830851
992852939
992921072
992925818
992931816
992949834
992977710
130042096
310011788
992815670
220013114
970111365
280006305
620024349
992551135
050007368
930020920
940008139
770016491
740011515
300013778
750038739
830019600
110005394
992994947
970404679
760026674
130784515
060780533
600100861
690036108
690036082
590052676
500021423
320004328
740014345
270025984
993510601
830100806
980500763
440048718
993806942
640017224
993887058
140002239
410000418
480001825
730007978
460006075
310021571
970111662
970111688
970408753
993487149
300014040
210011847
690030119
450018924
060780228
060780681
130009178
130786288
160010302
200200400
650780703
790011548
830100343
830101002
830212452
020012522
130801798
220012892
220014856
310019385
360005904
710785353
730790318
750017808
930020078
950808519
993981695
640795761
640017679
992542324
992539890
992540070
992540245
992540930
992541110
993898543
993782069
630010510
690030838
992577783
420780348
680020088
130008048
130042526
130008238
920007549
810003368
110007259
993463306
770020055
310021449
440042612
610789869
680003365
680015369
920460060
020003984
800010589
740014519
980500912
760029017
800018491
2B0005664
510024359
330045568
992402735
540000403
330024928
330051608
780000436
650005457
750049561
310022330
130044662
640016580
760034637
240013417
130810641
310784319
330798471
510019789
660003880
750035099
770803534
910005859
920019098
970304614
580006286
310023007
940000060
590049060
640018206
090003658
320004864
650005556
010003259
060001914
060001955
060002250
060021284
130029838
210007118
220003024
220016208
250015229
250015658
250017399
250017415
260011747
310024740
310788914
330005471
330006313
330025479
330056292
370013054
380003038
440045680
450019138
490003670
490003704
620119263
680020047
680020419
690033899
750025678
750054389
750056335
750832701
770000859
910019322
920018918
920024809
970100368
970100517
970100525
970108932
970109294
970466645
010786002
710974130
010789915
060790565
060799210
060790698
060791324
060792231
010788743
330012048
060798972
060799897
060003316
060781499
060012168
710977273
620118281
060792520
060801354
070784046
070002639
130010838
010788396
010785822
130811748
190010884
210003349
210986170
710010083
580972172
710010117
570012047
210009957
210010435
210986600
220013395
220013403
220013973
240009332
250010543
590046983
330803933
590809067
690802384
590810966
720013663
540008216
250002722
330786278
330017609
260012976
720016419
680013679
210985305
710974403
540013323
880001763
210010724
670796895
530033133
710977661
710975285
260010152
260011754
260013073
260016159
490003647
710010430
210986881
290020551
2A0023545
2A0000899
2A0001228
2A0001798
2B0000459
2B0004618
2B0004238
2B0004634
2B0000939
2B0001341
330799180
330799198
640786802
330783580
330786229
330786237
330786252
330786302
330791062
330791153
330791757
330791054
330792177
330792201
330793159
330786328
330797929
330797952
330798075
330798190
590045894
330798208
330798232
330798240
330798273
330798281
330798356
330798398
330025099
330798554
330798588
330798646
330798661
330798679
330798695
330798711
330798794
330799032
330799040
330799057
330799081
330799230
330799263
330799305
330799388
330799412
330799792
330799925
330800087
330800178
330800228
330800327
330802968
330802976
330798166
330019019
330019308
330020819
330798067
680004439
330025628
330026428
330798224
330035619
330798570
330786419
330786310
330056300
330799461
710006909
350030367
350030573
350025813
350028858
370103160
370010548
350030565
710974650
380785618
410005441
410005128
420789174
420793275
420790917
440027118
440029866
440025948
440034338
440041739
440041861
290025402
440046936
440042851
450015250
450019286
450019146
450016308
470001702
470009028
470014143
490002847
490003696
490538576
440040616
490003779
490538832
490539236
490542792
530006709
540006400
540008232
540013661
540008208
540020260
560009896
560010548
560011785
560013898
490538840
560011850
570015834
570024547
580972123
580004919
580005098
590046934
590804613
590808812
590809570
590812848
590816435
590007373
590815866
590794384
590034617
590045332
590047023
590797072
590812822
590785721
590782579
590050209
590049086
590046991
590046892
590043261
590049698
590811329
590815049
620106104
620109629
620115642
620117226
620117598
620117960
620117978
620003277
620016139
620016808
620019208
620018150
620019505
620105247
620025379
620025668
620026104
620016238
620024448
620015859
620015818
620015768
640792909
640794871
670796838
680003407
550006373
550006365
550006357
690802046
690802525
690802970
690805973
690801022
690003777
690009329
690031737
690018379
450014568
690794730
690006937
690003702
690025143
690025218
690025663
690797527
690030440
700784267
690801055
620112425
620110270
590809331
590809075
690027248
690034491
710973926
710974395
710974478
710977190
710785312
710007188
710007238
710975087
710007139
710974379
710785304
710974452
720016542
720013309
720013648
720014109
720014471
720018373
720017565
740785415
740012299
590815767
690802517
880004908
440022960
330791112
330804469
330799784
330019209
440047546
440044659
620015909
370008468
210001848
850024712
850022807
540018686
850011909
540012838
540003779
240013961
240003384
740789003
240000224
730009420
700784721
690801063
690023809
680014578
680004496
440041200
440009439
590816104
210986923
590790127
590047833
590047700
010789964
570024976
560012213
130034176
350042123
550005615
350039442
870003621
540014198
240013888
240009399
240008714
240008417
190005652
330798216
330798026
330797960
720017573
720014679
710977067
470013566
330029018
330020918
440047744
440047694
330012238
670015296
640795852
420791337
420789414
420789406
420789398
420789380
180000259
420010225
590055406
590045365
560011819
890974611
890973035
890972433
890007768
210005849
570023598
890002728
830216412
830215174
840011019
850004912
850009432
850011503
850011842
850011057
850017294
850023656
880786462
880788088
880789276
880001359
890971526
890004229
890971542
890972730
890973043
890970031
890972995
890970064
890002652
570024844
410006191
890974637
330799347
580781185
570027128
970111373
970111381
970111399
970109310
970108940
970111779
970109302
970109658
970109856
970406013
970466652
270027279
310025093
100010362
310026083
970409470
060021011
830017281
040788234
050004589
060016359
060019403
060021037
130009749
130010218
130016819
130023658
130026198
130028988
130030208
130032519
130781487
130782816
130784473
130798804
130800048
130800576
130800816
130810401
830004248
830008579
830017307
830211207
220022800
530008119
970405726
640018255
950150011